100
2 3 2
1 1 1
2 1 2
3 2 3
19 3 19
33 3 33
87 4 87
1 3 1
75 6 75
14 7 14
4 16 4
26 12 26
52 9 52
10 18 10
93 9 93
14 5 14
44 5 44
1 100 1
4 1 4
1 34 1
73 5 73
11 3 11
76 9 76
100 1 100
90 3 90
28 11 28
1 4 1
28 8 28
38 7 38
2 2 2
76 1 76
3 37 3
3 1 3
53 9 53
31 1 31
3 7 3
4 29 4
28 7 28
100 3 100
25 8 25
93 5 93
42 3 42
11 10 11
44 7 44
89 9 89
100 4 100
53 7 53
1 18 1
47 6 47
50 8 50
65 3 65
1 82 1
10 6 10
8 13 8
6 9 6
3 24 3
2 4 2
80 9 80
87 7 87
11 12 11
3 20 3
100 2 100
6 15 6
42 6 42
7 19 7
12 6 12
23 2 23
4 4 4
91 7 91
3 3 3
96 9 96
4 28 4
3 4 3
45 2 45
54 5 54
4 3 4
1 20 1
2 59 2
18 11 18
2 44 2
52 5 52
26 1 26
1 2 1
13 6 13
7 16 7
43 6 43
83 3 83
4 2 4
13 12 13
10 5 10
98 9 98
20 7 20
2 33 2
100 9 100
20 9 20
63 3 63
80 8 80
2 34 2
3 11 3
98 1 98
